-1 1 3 2 1 ;
-1 1 3.3 1 1 ;
-1 1 2.6 4 2 ;
-1 1 3.6 1 2 ;
-1 1 3.6 3 2 ;
-1 -1 3.9 6 2 ;
-1 1 2.2 4 3 ;
-1 -1 3 2 3 ;
-1 1 3 2 3 ;
-1 -1 3 2 3 ;
-1 1 3.3 4 3 ;
-1 1 3.9 3 3 ;
-1 1 2.6 4 4 ;
-1 1 3 1 4 ;
-1 1 3 6 4 ;
-1 1 3.3 3 4 ;
-1 1 3.9 1 4 ;
-1 1 3.9 2 4 ;
-1 1 3.9 3 4 ;
-1 1 3.9 4 4 ;
-1 1 4.2 3 4 ;
-1 1 4.2 5 4 ;
-1 -1 4.5 6 4 ;
-1 1 3.3 2 5 ;
-1 1 3.6 3 5 ;
-1 1 4.2 6 5 ;
-1 1 4.5 2 5 ;
1 1 3.6 2 0 ;
1 1 3 1 1 ;
1 -1 3.9 2 2 ;
1 -1 4.2 2 2 ;
1 1 4.5 0 2 ;
1 1 2.2 1 3 ;
1 1 2.6 2 3 ;
1 1 2.6 5 3 ;
1 1 3 3 3 ;
1 1 3.6 2 3 ;
1 1 3.6 3 3 ;
1 1 3.6 3 3 ;
1 -1 4.2 2 3 ;
1 -1 4.2 4 3 ;
1 -1 4.2 5 3 ;
1 -1 2.6 3 4 ;
1 1 2.6 4 4 ;
1 1 2.6 4 4 ;
1 1 3 4 4 ;
1 1 3.3 5 4 ;
1 1 3.6 0 4 ;
1 1 3.6 2 4 ;
1 1 3.9 3 4 ;
1 1 3.9 4 4 ;
1 -1 4.5 6 4 ;
1 1 3.6 5 5 ;